# 변수 선언
tot1<-5
tot1
tot2=10
tot2
tot2=tot2+tot1
tot2
  